28
46
69
0
11
98
82
41
67
26
6
19
16
61
66
3
55
2
49
0
12
100
100
16
4
90
71
52
20
72
47
13
23
87
100
34
30
72
15
70
66
95
91
19
15
22
59
32
96
20
67
30
98
38
12
10
15
83
32
23
9
72
32
24
68
25
40
64
82
15
100
77
63
11
24
61
36
59
14
56
77
23
3
12
23
84
11
12
43
80
9
100
94
79
1
22
93
30
45
100
91
43
4
54
99
5
59
44
17
20
6
51
99
26
29
72
5
77
3
32
57
62
11
28
67
46
69
8
1
53
16
78
51
34
83
6
83
82
3
32
40
39
14
65
18
18
29
55
58
53
12
35
29
73
41
45
11
76
76
18
83
25
44
75
43
70
54
81
60
80
9
84
20
76
41
1
43
7
99
27
87
50
86
9
42
71
34
26
29
28
98
3
62
20
43
81
74
94
82
66
58
14
25
82
74
18
46
30
87
50
7
51
45
47
43
22
46
14
80
38
95
71
16
22
98
55
12
73
55
69
9
4
61
0
79
17
3
96
35
66
59
41
6
81
90
25
75
7
9
14
97
26
25
83
84
39
8
18
62
100
35
21
77
66
22
47
60
0
53
79
51
23
91
93
29
56
36
54
41
34
66
47
9
96
57
88
98
8
98
9
65
36
54
39
18
90
53
21
37
35
13
31
69
63
47
29
17
100
68
34
37
69
62
33
17
13
53
56
21
93
30
95
5
31
69
68
55
24
68
15
75
44
52
51
98
99
5
49
63
39
74
45
61
65
8
14
64
67
47
61
99
0
57
88
94
76
31
88
35
18
15
44
63
16
23
21
100
83
38
96
90
94
80
32
6
5
15
14
29
100
0
61
74
82
44
35
92
84
53
75
10
20
4
42
88
18
11
47
44
17
81
77
29
37
57
81
76
93
100
77
31
53
90
50
58
13
89
36
47
66
84
13
98
96
85
43
86
38
91
21
27
67
82
25
57
92
51
87
46
27
45
54
88
96
61
27
24
54
96
18
30
67
12
7
20
11
47
90
50
93
91
7
48
44
8
93
49
63
86
66
0
75
68
76
99
63
35
36
92
17
78
0
0
30
2
38
17
81
71
73
95
6
84
24
66
33
62
34
2
29
83
79
32
8
38
28
13
2
81
52
77
17
38
78
92
97
37
81
49
24
38
29
82
65
9
88
30
74
67
56
92
72
99
76
79
84
65
4
64
63
3
5
94
61
19
7
17
54
100
51
22
51
32
10
7
23
52
63
33
32
12
45
74
63
79
84
33
33
7
12
71
71
67
64
66
17
30
12
93
99
5
63
53
41
19
95
6
25
14
77
45
40
87
42
1
28
24
88
44
39
51
23
70
1
78
18
8
98
95
58
70
15
91
89
5
56
52
29
85
34
44
15
23
49
19
41
63
81
41
59
58
69
69
1
52
45
89
88
25
72
97
3
96
31
83
6
17
30
17
56
20
55
66
22
30
75
64
25
10
89
52
100
11
44
64
29
32
36
98
55
51
44
8
87
1
97
25
11
42
56
100
93
57
3
75
27
29
79
24
71
66
43
43
33
29
58
53
93
18
12
19
83
8
92
79
58
23
65
91
42
90
38
5
14
52
5
28
44
23
71
89
46
53
82
63
33
95
100
34
65
41
90
81
90
27
77
27
44
77
5
24
87
11
27
36
48
76
41
66
1
100
34
9
45
93
30
75
98
22
50
62
19
75
58
36
64
42
0
43
89
42
7
31
36
4
74
51
37
2
56
61
84
85
66
59
10
54
51
42
76
70
8
87
20
37
92
3
71
67
51
42
91
78
14
18
25
54
65
61
41
99
74
21
21
84
51
19
39
56
24
22
65
30
60
61
30
70
49
87
29
98
96
45
86
91
94
40
72
21
47
88
8
10
42
79
66
69
52
75
68
35
8
90
35
93
69
37
44
19
60
71
36
88
95
11
64
80
48
48
51
89
96
12
92
24
99
68
98
37
56
39
49
75
27
81
78
33
45
71
21
31
25
94
3
90
94
79
29
41
1
50
38
66
64
15
85
89
66
54
60
81
95
10
44
30
47
45
69
4
37
10
47
60
93
97
34
95
48
65
8
98
87
8
3
53
63
57
7
8
16
12
27
70
31
78
0
84
11
83
70
2
71
32
75
0
60
5
72
32
84
69
16
2
53
75
84
68
2
38
100
79
61
83
44
76
28
76
55
8
82
97
41
91
68
86
73
14
13
15
18
2
38
74
62
11
24
25
83
74
23
